   Shot        onset_time(s)     Ip(MA)           Bt(T)         ne(10**19)         q95            beta_N          H_98          tau_E(s)         W_mhd(J)         li           beta_p
  169993	     5.6	 1.36556	-1.95449	 3.02827	 4.08307	 1.75146	 1.09023	0.130196	  864892	 1.16212	0.7692
  169997	   5.581	 1.36068	-1.95232	 3.08066	 4.11421	 1.83566	 1.02387	0.134889	  906118	 1.07849	0.806
  170000	   4.461	 1.36228	-1.95504	 2.99153	 4.16931	  2.0643	 1.18908	 0.13084	  975466	 1.04109	0.8635
  170004	   3.296	 1.53212	-1.95123	 3.36862	 3.65266	 1.66816	 1.03234	0.132537	  911911	0.956965	0.6349
  170005	   3.364	 1.54148	-1.95341	 3.16323	 3.63193	 2.01495	 1.19004	0.137794	1.09734e+06	0.985838	0.7607
  170006	   4.774	 1.52715	-1.95531	 3.15807	 3.63494	 1.90412	 1.10581	 0.14876	1.04206e+06	 1.03739	0.7249
  170036	    3.94	-1.18072	 -2.0472	 7.93963	 4.64739	 1.26607	0.848959	0.157655	  535865	0.950214	0.6219
  170061	   3.309	 1.62803	-1.95667	 3.96336	 3.40589	 1.96389	 1.23322	0.169579	1.11103e+06	 1.00491	0.6849
  170066	   4.956	 1.62959	-1.95721	  3.9703	 3.40951	 1.61417	0.970927	0.127696	  905288	0.994576	0.5623
  170067	   2.197	 1.62512	-1.95422	 5.15847	 3.42751	 2.05824	  1.4062	0.243963	1.21464e+06	0.863766	0.7441
  170074	   3.338	 1.62378	-1.95449	  4.3514	 3.37807	 1.46782	   1.033	0.175063	  833037	 0.94168	0.514
  170075	   2.995	 1.63481	-1.95667	 4.03684	 3.42275	  1.9175	 1.27884	0.188438	1.14191e+06	0.945182	0.7011
  170078	   3.058	 1.54465	-1.95177	 3.71644	 3.66054	 2.01142	 1.26269	0.152476	1.0778e+06	0.972049	0.7476
  170085	   4.415	 1.63218	-1.95857	 4.19802	 3.41986	  1.8686	 1.20972	0.157119	1.05574e+06	0.973891	0.6549
  170086	   5.604	 1.61762	-1.95612	 5.18918	 3.41316	 1.60209	 1.00055	 0.16803	  861993	0.958444	0.5365
  170089	   4.187	 1.53608	-1.95232	 3.36723	 3.61387	  1.8958	 1.26743	0.154884	1.01674e+06	 1.01131	0.7035
  170090	   4.352	 1.53562	-1.95612	  3.2438	 3.56888	 1.56781	 1.00302	0.129205	  852058	 1.03081	0.5905
  170092	    1.62	 1.01727	-1.92948	 3.85874	 4.98636	 3.11272	 1.73148	0.182656	1.09903e+06	0.963708	1.731
  170097	   2.279	0.993775	-1.92839	 4.86199	 4.99431	  3.0562	 1.42127	 0.11332	1.06264e+06	0.866565	1.672
  170098	   2.132	 1.02579	-1.93247	 4.95543	 4.98228	 2.99621	 1.34221	0.114873	1.04974e+06	0.898427	1.647
  170104	   3.551	 1.19028	-2.05345	 3.94796	 4.51103	 1.32334	 1.16914	0.201979	  572572	 1.08706	0.6485
  170106	   5.347	 1.66567	 -1.9583	 4.99209	 3.37906	 1.58131	  1.0636	0.199418	  894763	0.957795	0.536
  170107	   4.188	 1.66437	-1.95313	 3.84661	 3.43996	 1.58698	 1.05701	0.149287	  938334	0.979378	0.5613
  170109	   3.748	 1.66255	-1.96591	 3.73848	 3.41979	 1.68826	 1.07314	 0.12606	  945985	0.987461	0.5656
  170112	    4.43	 1.68551	-1.95857	 3.97677	 3.35374	 1.62664	 1.07329	0.165652	  974588	 1.00264	0.5685
  170113	   4.304	 1.68787	-1.95585	 3.84535	 3.36631	 1.50884	 1.02817	0.166624	  894394	 1.01413	0.5206
  170114	   5.744	 1.70987	-1.95504	 4.56359	 3.34118	 1.62575	 1.08129	0.190754	  989586	0.950514	0.5635
  170122	   2.249	 1.36336	-1.79653	 8.14535	 3.14595	 1.83286	 1.02857	0.181022	  782113	0.884169	0.6644
  170123	    2.73	 1.35988	-1.79844	 7.12448	 3.17066	 1.77539	0.931075	0.170811	  784669	0.854552	0.6693
  170124	    4.81	 1.35699	-1.80877	 7.98778	 3.18366	 1.74188	0.863062	0.142269	  768726	0.825474	0.6647
  170125	   2.599	 1.36773	-1.79599	 7.45718	 3.16085	 1.76418	0.914078	0.171177	  783320	0.853474	0.6691
  170126	   2.728	  1.3622	-1.79735	 7.66577	 3.16363	 1.75888	0.916148	0.149544	  770378	0.853311	0.6584
  170127	   2.362	 1.36354	-1.79653	 7.09892	 3.16277	 1.77908	0.942706	0.164684	  781812	0.870467	0.666
  170152	   4.454	 1.05471	-1.43875	  6.0254	 3.29519	 1.55249	0.897192	0.155796	  423777	0.896375	0.6156
  170155	   4.304	 1.05599	-1.42978	 6.45539	   3.247	 1.70872	0.867774	0.132758	  431255	  0.8967	0.6223
  170162	   2.442	 1.55814	-2.08744	 7.56948	  3.2234	 1.90338	 1.10706	0.191584	1.08622e+06	0.934441	0.7174
  170176	   4.469	 1.05308	 -1.4363	 6.14889	 3.24726	 1.58329	0.847133	0.171069	  431957	 0.87422	0.6231
  170178	    3.43	 1.04958	-1.42624	 5.93005	 3.27192	  1.7264	0.927683	0.136321	  457529	0.893956	0.6539
  170179	   4.033	 1.04707	-1.44609	 6.49354	 3.29686	 1.56857	  0.8536	0.302118	  420181	0.900576	0.6074
  170188	   2.757	  1.1582	 -1.5369	 5.27835	 3.10721	 1.77657	 1.03504	0.173502	  562936	0.900835	0.6701
  170190	   5.097	0.949633	-1.53934	 6.57008	 3.58288	 1.86841	0.833339	0.106633	  497691	 1.08676	0.8103
  170192	   3.052	 1.15689	-1.53255	 6.88943	 3.08992	 1.86911	0.870762	0.158924	  578501	0.899242	0.6911
  170197	   2.967	 1.15645	-1.52901	 6.29071	 3.06921	 1.91104	0.946596	0.185743	  576004	 0.90181	0.6857
  170214	   2.748	 1.15548	-1.52956	 6.60201	 3.14534	 2.29113	 1.07044	0.134549	  788922	0.905597	0.9391
  170215	   2.209	 1.15351	  -1.532	 5.87473	 3.07139	 1.84286	0.951064	0.136024	  586364	0.938094	0.6948
  170216	   3.481	 1.14681	-1.53363	 6.20587	 3.07474	 1.93519	 1.03708	0.180435	  544769	0.882952	0.6492
  170219	   4.385	 1.14032	-1.53391	 7.79933	  3.0783	 1.83085	0.914388	0.131944	  573493	0.892256	0.69
  170221	   4.952	 1.14764	-1.53853	 7.43367	 3.07974	 1.63774	0.836998	 0.16272	  516679	0.906768	0.6223
  170225	   4.093	 1.15068	-1.53771	 7.17678	 3.08748	 1.58719	0.841094	0.143545	  501180	0.913053	0.6014
  170236	   1.752	0.811385	-2.05563	 3.82111	 7.47444	 2.45287	 2.03018	0.214448	  751456	 1.19748	1.863
  170238	    1.94	0.813429	-2.05264	 4.07279	 7.56145	  3.0448	 1.62933	0.153105	  917921	 1.04804	2.279
  170240	   2.649	0.800152	-2.05209	 3.84309	 7.79404	 3.12531	 1.54189	0.107893	  910656	0.905556	2.268
  170243	   2.051	0.796202	  -2.054	 3.19872	 7.51777	 2.70096	 1.26647	0.109686	  830554	 1.02611	2.06
  170245	   1.949	0.798709	-2.05373	 3.23927	 6.98032	 2.45438	 1.35566	0.141504	  711059	 1.43316	1.803
  170247	   2.122	0.805184	-2.05182	 4.19454	 7.80996	 3.34037	  1.4896	0.0855648	  948387	0.931597	2.368
  170248	    2.16	0.801595	-2.05209	 3.94046	 7.74957	 3.27283	 1.33032	0.0883762	  980233	0.939004	2.449
  170249	   2.062	0.792715	-2.05101	 3.59755	  7.6972	 2.77414	 1.48119	0.0939198	  913790	 1.04645	2.286
  170250	   2.097	0.789623	-2.05237	 3.81494	 7.62468	 3.28467	 1.49767	0.0987093	  973856	0.992098	2.427
  170251	   2.149	0.796408	-2.05264	 3.75062	 7.78416	  3.0701	 1.49095	0.0919655	  936872	0.995217	2.351
  170256	   3.534	 1.71186	-2.11898	  3.6707	 3.53451	 1.67709	 1.02173	0.125471	1.10613e+06	0.952939	0.6225
  170266	   2.152	0.988588	 1.96618	 5.12595	 5.88123	 2.95969	  1.4674	0.143909	1.06298e+06	0.908802	1.782
  170267	   2.247	0.976977	 1.96537	 4.65067	 5.94608	 3.14958	 1.59668	0.144336	1.13307e+06	0.884233	1.897
  170274	   3.655	0.992899	 1.96836	 4.28108	 5.93047	 3.50536	 1.36574	0.0910035	1.28218e+06	0.868654	2.128
  170275	   3.955	0.985513	 1.96401	 4.17802	 6.05471	 3.62217	  1.3725	0.0857034	1.28565e+06	0.820669	2.152
  170277	   2.512	0.987162	 1.96645	  3.8998	 5.99645	 3.43124	 1.27268	0.0815091	1.25187e+06	0.863751	2.085
  170278	   2.157	0.983967	 1.96238	 4.34597	 5.92617	 3.16844	 1.43926	0.112833	1.15634e+06	0.939569	1.93
  170282	   1.925	0.987231	 1.96319	 4.58043	 5.97415	 3.16432	 1.60772	0.144631	1.15449e+06	0.982082	1.959
  170283	   4.368	0.978626	 1.96836	 3.94683	 6.07485	 3.47815	 1.40281	0.0910606	1.21715e+06	0.813185	2.035
  170285	     3.3	0.979673	 1.96781	 3.97142	 5.98417	 3.56184	  1.1674	0.0669542	1.22793e+06	0.843412	2.061
  170286	   3.422	0.976359	 1.96727	 3.90882	 5.98745	 3.55849	 1.22827	0.075676	1.26497e+06	 0.84413	2.108
  170287	    3.48	0.982215	 1.96564	 3.69375	 5.95547	  3.3856	 1.28967	0.0762759	1.17935e+06	0.845239	1.981
  170290	   4.117	0.976771	 1.96781	 4.44525	 6.07127	 3.62455	  1.3377	0.0813712	1.31199e+06	0.852675	2.168
  170291	   3.644	0.986149	 1.96945	 4.67224	  6.0447	 3.55546	 1.20438	0.0726537	1.27763e+06	0.803968	2.147
  170293	   2.307	0.967547	 1.96455	 4.00048	  6.0052	 3.41489	 1.52155	 0.11528	1.25512e+06	0.889984	2.085
  170294	   3.253	0.987025	 1.96618	 4.35115	 6.03595	 3.78327	 1.43113	0.0802846	1.33832e+06	0.835108	2.231
  170296	    3.72	0.984826	 1.96917	 4.40947	 6.06488	 3.66802	 1.37964	0.0838867	1.30607e+06	0.822601	2.191
  170297	   2.085	0.976685	 1.96428	 3.98467	 5.97097	 3.05591	 1.34409	0.0919134	1.12907e+06	0.896031	1.898
  170301	   1.611	 0.60993	 2.03306	 4.73614	 10.8679	 2.42838	0.993326	0.0594794	  570206	0.672974	2.57
  170302	   1.611	0.602063	 2.02735	  4.8541	 11.3271	 2.71705	 1.30055	0.0812896	  623718	0.641224	2.815
  170303	    3.26	0.488652	 2.03034	 4.84452	  12.003	  2.7773	 1.51408	0.0788271	  529397	0.844698	3.01
  170305	   1.247	0.602355	 2.02491	 4.15585	 10.2767	 2.05447	 1.03141	0.0751231	  491895	0.719411	2.328
  170306	   2.062	0.578636	 2.02844	 5.20933	 11.7208	 2.95082	 1.43125	0.0818712	  632849	0.706409	3.025
  169288	   2.332	  -1.076	-2.04856	 2.96561	 4.98094	 2.27017	0.907319	0.083851	  917472	0.922535	1.229
  169292	   1.985	-1.07715	-2.04693	 2.93389	 4.84596	 1.64728	0.961101	0.117149	  682846	 1.01463	0.9209
  169328	   1.639	-0.98967	-1.94171	 3.95778	 5.01142	 1.23653	0.791013	0.0953309	  443370	0.816819	0.7396
  169329	   2.995	 -1.4339	-1.94416	 7.15441	 3.34311	 1.82669	0.928962	0.109799	  950468	0.853117	0.7435
  169330	   2.162	-1.42198	-1.94117	 7.06307	 3.31498	 1.63484	 0.87347	0.109449	  729811	0.915567	0.5784
  169342	   2.819	-1.43305	-1.94362	 3.60664	 3.44869	 1.68114	0.737944	0.0676511	  813709	0.859584	0.6478
  169345	 4.85001	-1.43239	 -1.9428	  3.0847	 3.33503	  2.1518	 1.13771	0.137234	1.05818e+06	0.920091	0.8312
  169347	   3.555	-1.43164	-1.94416	 3.91136	 3.43227	  1.9609	 1.04213	 0.12486	  964990	0.879364	0.7663
  169354	   1.049	-0.99192	  -1.939	 3.44148	 4.75943	0.912034	0.777779	0.109726	  344532	0.697895	0.566
  169355	 4.62601	-1.42198	-1.95096	 4.18272	  3.4262	 2.17653	 1.16266	0.123422	1.09863e+06	0.889143	0.8679
  169369	   3.569	-1.08549	 -2.0491	  3.0267	 5.48614	 1.92428	  1.3547	0.160618	  814171	0.839039	1.131
  169380	 4.72701	-1.08393	-2.05454	 2.76389	 4.73161	 1.49272	 1.09761	0.146397	  566954	0.813922	0.7527
  169406	   2.265	-1.43648	-1.94416	 2.48938	 3.32488	 1.94637	 1.19315	0.162115	  985106	0.908635	0.7647
  169409	   4.236	-1.43215	-1.94688	       4	 3.32137	 1.94468	 1.12994	0.148681	  978852	 0.86838	0.7642
  169410	   1.888	-1.43846	-1.94335	 2.34131	 3.29891	 1.80146	0.976585	0.170866	  933464	0.887574	0.7236
  169422	    3.06	  1.4787	-2.15296	 8.79956	 4.25012	 2.07234	 1.40562	0.245705	1.22708e+06	 1.01475	0.9262
  169423	 2.09301	 1.48584	-2.15214	 3.96041	 4.12639	 2.42882	 1.78982	0.235909	1.52993e+06	 1.20626	1.143
  169429	 3.38301	 1.09831	-1.64728	 2.15698	 4.39238	 1.52796	 1.01488	0.0974894	  521102	 1.09553	0.7151
  169432	   2.527	 1.10449	-1.64075	 6.20056	 4.46177	 1.83996	 1.44855	0.274113	  624700	0.917147	0.8497
  169433	 3.94501	 1.09843	 -1.6451	 6.40523	 4.15502	 2.12539	 1.31363	0.186769	  678973	0.850675	0.9169
  169439	   3.122	  1.0126	-1.79925	 4.93069	 4.62813	 3.04234	 1.19549	0.0910285	  999290	0.832005	1.578
  169442	 2.40301	 1.01274	-1.79735	   5.002	 4.60996	 3.07257	 1.32325	0.108694	  995865	0.834329	1.571
  169450	   2.745	 1.61966	-1.95476	 5.70342	 3.43169	 2.04805	 1.16824	 0.14712	1.13136e+06	 1.01485	0.7052
  169453	 4.43701	 1.61135	-1.95993	 4.03517	 3.37714	  1.4045	 1.07433	 0.17014	  786569	0.979557	0.4965
  169455	 3.98401	 1.61542	-1.95857	 3.25197	 3.38573	 1.67527	0.997699	0.129776	  881007	 1.00084	0.55
  169456	   1.978	 1.61911	-1.95558	 2.75289	 3.31377	 1.29403	0.880963	0.190936	  814913	 1.03559	0.4991
  169458	 3.54101	 1.61925	-1.95857	 4.26871	 3.39232	 1.59982	 1.08124	0.172589	  883736	0.992527	0.5514
  169459	   5.543	 1.61487	-1.96591	 3.69635	  3.4032	 1.40756	0.918992	0.142317	  804904	 1.03961	0.5069
  169463	 3.62901	 1.61674	-1.95939	 3.56339	 3.37797	 1.46704	 1.09252	0.161624	  836968	0.972186	0.5218
  169467	   2.663	 1.62289	 -1.9583	   3.161	 3.42674	 1.80165	 1.09618	0.170357	1.04713e+06	 0.93833	0.648
  169469	    2.98	 1.62217	-1.96292	  3.0556	 3.42576	 2.05263	 1.02146	0.102281	1.1987e+06	0.986565	0.7424
  169470	 4.27301	  1.6232	 -1.9651	 3.43966	 3.35341	 1.23809	 0.92225	0.182197	  714409	0.999863	0.4459
  169471	 5.25701	  1.6131	-1.96809	 3.87905	 3.42743	 1.53539	0.929671	0.125592	  845224	 1.02022	0.5315
  169472	   3.113	 1.62179	-1.95667	 3.69362	 3.40066	 1.51324	0.942725	0.141439	  868299	0.958881	0.5407
  169497	 3.48201	 1.39358	-1.95558	 4.22963	 4.09726	 2.31057	 1.42371	0.172845	1.13701e+06	0.999808	0.9578
  169502	 4.08401	 1.61513	 -1.9564	 3.48705	 3.36809	 1.20672	0.952805	0.134968	  680678	0.981669	0.4263
  169503	 3.56501	 1.61394	-1.95585	 3.90539	 3.34639	 1.20967	 1.01033	0.191554	  696938	 0.98671	0.4362
  169504	   3.598	  1.6172	-1.95558	 3.74085	 3.38284	 1.19897	 1.00043	0.184564	  689544	0.976157	0.4314
  169527	 2.79001	 1.26897	-1.79844	 7.21683	 3.38515	 2.35414	 1.19701	0.166944	1.04828e+06	0.934489	1.006
  169529	    3.52	 1.35168	-1.79817	 6.61636	 3.19353	 1.91244	 1.04862	0.149861	  814005	0.848645	0.7108
  169530	   3.265	 1.35055	-1.79925	 8.53851	  3.1853	 1.59259	0.828492	0.155086	  668319	0.856178	0.5864
  169532	   3.789	 1.34442	 -1.8017	 7.51922	  3.2154	  1.6556	0.887982	0.158595	  682564	0.885585	0.6034
  169537	 4.70901	 1.35076	-1.81122	 6.51046	 3.23575	 1.76257	 1.11138	0.193205	  766618	0.885606	0.6731
  169540	    2.63	 1.36639	-1.79327	 4.31741	 3.20966	 1.77969	 0.99007	0.109657	  772126	0.874791	0.6677
  169542	   1.811	 1.36555	-1.79001	 4.57885	 3.20036	 1.67828	0.902262	0.0984141	  725374	0.907392	0.626
  169544	   1.964	 1.36929	-1.79164	  4.9182	  3.1997	 1.78369	0.909266	0.112975	  799526	 0.89118	0.6889
  169549	   2.031	 1.36415	-1.78974	 5.02237	 3.21379	 2.07961	 1.15812	0.137446	  891943	0.880968	0.7694
  169553	    2.51	 1.35606	-1.79273	 7.24521	 3.16988	 1.77037	0.973444	0.187312	  757114	0.891853	0.6558
  169571	   2.653	0.811454	 1.77288	 4.42303	   7.032	 3.17107	 1.50835	0.114515	  875774	0.700691	2.149
  169573	   1.263	0.708656	 1.76772	 2.85315	 8.13405	 1.95193	 1.07072	0.0921423	  483162	0.803055	1.661
  169574	 3.05038	0.799671	 1.77179	 3.20379	 6.83823	 2.34235	 1.05887	0.0668804	  617734	0.765673	1.572
  169583	 2.20901	0.974624	 1.96673	 5.28389	 5.87354	 2.81731	 1.45638	0.140016	1.14178e+06	0.987959	1.945
  169588	   2.215	0.978145	 1.96618	 4.88678	 6.02063	 3.43732	 1.87681	0.163832	1.287e+06	0.926772	2.155
  169589	    2.19	0.984586	 1.96564	 4.27223	 6.00687	 3.00148	 1.66816	0.135781	1.14074e+06	0.943206	1.916
  169590	   2.155	0.987042	 1.96727	 4.33828	 5.93948	  3.0306	 1.59001	 0.16101	1.15504e+06	0.971007	1.925
  169591	   2.293	0.979141	  1.9651	 3.86977	 5.96658	 3.51254	 1.61987	0.114856	1.24535e+06	0.912594	2.085
  169595	   2.493	0.976376	  1.9651	 4.55355	 6.05973	 3.67227	 1.55614	0.0922897	1.31122e+06	0.892448	2.198
  169596	   2.231	0.977406	 1.96428	 4.21313	 6.01773	 3.47984	 1.62032	0.104005	1.26173e+06	0.927435	2.122
  169597	   2.344	0.973713	 1.96645	 4.05285	  6.0575	 3.61238	 1.56024	0.0982785	1.2803e+06	0.891293	2.147
  169598	   3.213	0.975087	 1.97135	 4.74857	 6.09956	 3.83819	 1.63192	 0.10075	1.35006e+06	 0.79407	2.266
  169599	   3.321	0.981168	 1.96727	 4.41683	 6.05942	 3.63106	 1.55284	0.108779	1.31665e+06	 0.83126	2.194
  169605	   3.479	0.973044	 1.96673	  6.1286	  6.0865	 3.88002	 1.64327	0.0991421	1.3398e+06	0.739853	2.258
  169607	 2.45501	0.963975	 1.96836	 6.06451	 6.10186	 3.76058	 1.75805	0.110814	1.31063e+06	0.810425	2.199
  169608	 2.08001	 0.97988	 1.96564	 4.91578	 6.03065	 3.24006	 1.65785	0.104475	1.20509e+06	 0.87155	2.044
  169631	   5.832	0.982267	-2.01485	 7.20016	 4.62604	 2.53903	 1.70355	0.194151	  826515	 1.01791	1.336
  169633	    2.18	 1.00123	-2.05182	 2.47665	 4.65544	 2.06603	 1.39517	0.270844	  814667	  1.2829	1.288
  169691	   2.047	0.988124	 1.96727	  5.7298	 6.08685	 3.07889	 1.61575	0.126336	1.12236e+06	0.952773	1.897
  169854	   1.168	-1.09365	-2.04856	 2.07742	 5.43913	  1.1157	 0.81424	0.194462	  551272	0.895788	0.7652
  169864	    1.21	-1.09616	-2.03904	 2.64296	 5.63918	  1.5332	0.905306	0.128068	  695727	0.849643	0.9859
  170352	   1.693	0.590607	 2.06161	 4.12722	 11.2265	 2.44666	 1.03956	0.0634374	  557907	0.744929	2.645
  170353	   1.764	0.591294	 2.06297	 4.26766	 11.1355	 2.29202	0.892573	0.0537629	  555131	0.698791	2.603
  170357	   3.801	0.974692	 2.06188	 6.64313	  6.7723	 2.86592	 1.60582	0.165555	1.08843e+06	0.638782	 1.9
  170358	    4.44	0.993122	 2.06351	 5.45581	 6.43003	  2.6498	 1.25908	0.0910448	1.00435e+06	0.707067	1.673
  170359	   4.835	 1.00358	 2.07221	 6.35464	 6.35403	 2.79124	 1.45859	0.135514	1.08383e+06	0.738442	1.77
  170360	   1.714	 1.00339	  2.0646	 6.40921	 6.35666	 2.75852	 1.44488	0.130408	1.07459e+06	0.726454	1.759
  170362	   2.173	0.946627	 2.06243	  7.0216	 7.06781	 2.92561	 1.62549	 0.13516	1.0459e+06	0.730347	1.996
  170364	   2.999	0.802969	  2.0627	 6.02128	 8.10353	 2.62974	  1.3703	0.0839188	  781094	0.567075	1.968
  170366	   4.974	 1.24023	 2.06814	  6.4282	 5.21092	 2.55329	 1.27418	0.125806	1.24385e+06	0.687567	1.365
  170385	   1.931	0.993586	 1.96102	 5.13812	  5.7769	 2.88464	 1.55567	  0.1374	1.03418e+06	0.934787	1.742
  170390	   4.053	0.986372	 1.96482	 5.79458	 6.04857	  3.5487	 1.50755	0.104713	1.2849e+06	0.709744	2.153
  170391	   3.722	0.994324	 1.96455	 6.10287	 6.15481	 3.91712	 1.60662	0.103353	1.42558e+06	0.692934	2.383
  170392	   2.025	0.975792	 1.96047	 4.26373	 5.92686	 3.10835	 1.46334	0.103233	1.12656e+06	0.980098	1.876
  170402	   3.687	 0.93299	 1.96673	 6.44659	 6.44051	 3.73818	  1.4924	0.0736368	1.18922e+06	 0.75289	2.253
  170403	   2.403	  1.0699	 1.96265	 4.48912	 5.43367	 3.41212	 1.53877	0.110644	1.38783e+06	0.855666	1.945
  170405	   2.456	 1.19654	 1.96455	 4.27211	 4.86365	 3.49932	  1.6534	0.112048	1.53537e+06	0.839354	1.712
  170406	   2.918	 1.19044	 1.96183	 5.28665	 4.90558	 3.78377	 1.70591	0.119174	1.65885e+06	0.802483	1.861
  170407	   4.323	0.855784	 1.96781	  4.4916	  5.8159	 3.54397	 1.32083	0.0445762	  777741	0.854962	1.512
  170412	   4.102	 1.02199	 1.97216	 6.80898	 6.09164	 3.61711	 1.59024	0.153453	1.40163e+06	0.784288	2.293
  170434	    3.85	 1.37212	-1.93519	 3.06322	 4.11903	 1.81552	 1.36411	0.348646	  954638	0.958742	0.8448
  170442	   3.332	 1.36206	-1.93845	 4.05642	 4.26608	 2.50766	 1.40894	0.109775	1.14024e+06	0.940804	1.015
  170473	   5.531	0.743472	-1.77832	 3.94847	 4.89965	 1.26149	 0.77181	0.0838878	  272124	 1.40202	0.7468
  170484	   3.602	 1.47985	  -1.967	 6.21686	  3.2161	 2.26595	 1.12589	0.192617	1.16286e+06	0.864962	0.8417
  170485	   2.578	 1.68448	-1.96727	  5.0191	 2.65375	0.983255	0.783563	0.175421	  663736	 1.03204	0.366
  170487	   4.208	  1.6726	-1.97298	 7.96552	 2.79635	 2.15919	 1.07665	0.184812	1.22573e+06	0.831784	0.6948
  170488	   2.718	 1.67205	-1.96673	 5.89168	 2.72832	 1.44865	 1.03116	0.216242	  885462	 0.99379	0.4893
  170489	   3.855	  1.4766	-1.96836	 6.35551	 3.20755	 2.15713	 1.18015	 0.16981	1.11179e+06	0.849999	0.809
  170490	   3.255	 1.47896	-1.96754	 6.29415	 3.19951	 2.22924	   1.128	 0.19452	1.0883e+06	0.879394	0.7896
  170492	   4.351	 1.48729	-1.97271	 5.60282	 3.21958	 2.11044	  1.0793	0.228804	1.03182e+06	0.836834	0.7546
  170494	   3.448	 1.28652	 -1.9708	 6.98253	 3.79965	 2.18878	 1.36438	0.243531	  991108	0.892513	0.9657
  170495	   3.101	 1.28628	 -1.9689	 7.16248	 3.78592	 2.16356	 1.32185	0.215867	  990557	0.927005	0.9631
  170497	   3.256	 1.28425	-1.96999	 7.32853	 3.80977	 2.22038	 1.36856	0.247582	1.0029e+06	0.902625	0.9757
  170503	   5.537	0.932148	-1.76173	 6.05663	 4.02956	 2.03744	 1.19797	0.165475	  593023	 1.25834	1.026
  170507	    3.43	 1.67036	-1.96999	   7.468	 2.78292	  1.9999	 1.00699	0.183826	1.15372e+06	0.895771	0.6531
  170514	   3.752	 1.18197	-1.97026	 7.29029	  3.9842	 1.94572	 1.04376	0.157366	  813190	0.895571	0.9208
  170518	   4.868	 1.18802	-2.06379	 4.38157	 4.69945	 2.00037	 1.55283	 0.20861	  941365	 1.09288	1.071
  170536	   2.486	 1.31197	-1.71715	 7.66514	 3.24462	 2.09271	 1.08156	0.159562	  836153	0.922964	0.7775
  170554	   2.563	 1.36714	-1.79191	 8.05974	 3.15497	 1.80221	0.930921	0.142378	  755493	0.882636	0.6419
  170555	   2.795	 1.36986	-1.79735	  8.7324	 3.12847	 1.66591	0.810473	0.140525	  719133	0.861362	0.6119
  170556	   2.292	 1.37254	-1.79518	 7.93668	 3.14231	  1.8633	0.941057	0.141289	  784866	0.904014	0.6656
  170557	   2.572	 1.36967	-1.79681	 7.42247	 3.15545	 1.79666	0.920172	0.169242	  776295	0.876164	0.6594
  170558	   2.721	 1.36508	-1.79762	 7.31033	 3.16638	 2.02901	 1.15755	0.166954	  845661	0.868012	0.7192
  170562	   2.437	 1.37564	-1.79518	  4.8531	 3.21394	 1.99647	 1.03616	0.116817	  858458	0.854456	0.7305
  170563	   3.912	 1.36266	-1.80061	 4.02481	 3.21688	 1.85719	 1.02747	0.113874	  800157	0.864815	0.6863
  170564	   2.312	 1.36359	-1.79708	 7.17786	 3.16759	 1.80473	0.964227	0.160008	  772566	0.898216	0.6546
  170569	   2.438	 1.37398	-1.79708	 4.90478	 3.20169	 1.91835	 1.02188	0.134859	  846695	0.872628	0.7174
  170570	    3.53	 1.36683	-1.80415	 7.12131	 3.17229	 1.80639	0.983922	0.171243	  793063	0.859028	0.6765
  170572	   2.888	 1.14501	-1.53445	 6.72801	 3.13037	 1.89156	0.896825	0.161795	  599238	0.901627	0.7178
  170578	   3.755	  1.1443	-1.53662	  7.9369	 3.12298	 1.77118	0.885918	0.162884	  580177	0.894389	0.6944
  170581	   3.893	 1.15208	-1.53581	 7.81938	 3.13421	 1.79883	0.855961	0.129124	  565872	0.831187	0.6753
  170582	   4.213	 1.15567	-1.53119	 8.25422	 3.10511	 1.79738	0.843575	0.139346	  580887	 0.89789	0.6916
  170583	   3.917	 1.15425	-1.53119	 8.54148	 3.09649	 1.79678	0.829326	0.133269	  573546	0.879438	0.6809
  170714	 2.88038	0.805854	 1.76636	 4.97075	   6.999	 3.09628	  1.6348	0.144521	  850389	0.754225	2.111
  170715	 3.11638	0.792062	 1.76527	  4.8796	 7.22025	 3.37817	 1.69834	0.108513	  825440	0.734908	2.128
  170720	 2.44738	0.791701	 1.77071	  2.9891	 6.83416	 2.16482	    1.15	0.0715835	  587158	0.754654	1.511
  168832	 4.24901	  1.2633	-1.96945	 7.26175	   3.729	 1.87025	0.919167	0.117393	  831070	0.881784	0.834
  168837	   2.303	 1.24353	-1.62036	 5.98751	 3.12151	  1.8911	0.949889	0.126335	  681319	0.937243	0.7027
  168855	   3.132	0.690914	-1.29004	 1.99074	 5.27507	 1.02154	 1.13062	0.0864138	  172139	 1.45952	0.5845
  168887	   3.481	 1.27582	 -1.9235	 7.12319	 3.57823	 2.00479	 1.26396	0.220002	  877801	0.880104	0.8567
  168888	   4.378	 1.27006	-1.92567	 7.87081	 3.63095	 1.81577	 1.04717	0.169435	  776670	0.845926	0.7659
  168892	   2.112	 1.28042	-1.91833	 4.72802	 3.60686	  1.8301	 1.05606	0.117834	  772137	0.858041	0.7443
  168893	   2.672	 1.28576	-1.92187	  4.7505	 3.59674	 1.96491	 1.15052	0.138349	  848931	0.899877	0.8257
  168895	   2.603	 1.28039	-1.92187	 4.25343	 3.55339	 1.56617	 1.02856	0.143209	  673123	0.921275	0.6555
  168897	 2.33901	 1.27809	-1.91861	 4.40869	 3.56531	 1.80156	 1.20115	0.137567	  786641	0.888295	0.7629
  168899	 3.66101	 1.27527	-1.92377	 4.95476	 3.60267	 1.65721	 1.12986	0.131962	  702088	0.939185	0.6894
  168902	 2.84101	 1.08517	-1.91317	 3.98085	 4.17532	 1.24004	 1.08419	 0.14096	  533271	 0.93499	0.7183
  168903	 2.65701	 1.13706	-1.92567	 4.14963	   4.082	 1.55576	 1.12389	0.127154	  588745	0.882074	0.7325
  168904	   3.513	 1.08168	-1.92296	 3.68219	 4.25867	 1.48354	 1.05181	 0.13096	  521300	0.915491	0.7115
  168906	   3.553	 1.08245	-1.92676	 3.69033	 4.21592	 1.38319	 1.08356	0.121988	  523312	0.908596	0.7114
  168916	 3.76401	 1.08264	-1.97515	 4.83485	 4.26845	 1.27255	0.953718	0.166986	  491853	0.919242	0.6704
  168935	   1.661	 0.89218	-1.79137	 3.71359	 5.91352	 1.62027	 1.15637	0.113819	  486169	0.904422	1.002
  168940	 5.59701	0.881943	-1.80496	  5.4747	 6.34626	 3.08467	 1.74812	0.126164	  912782	0.796302	1.887
  168943	 5.58701	 0.88725	-1.79871	 5.23498	 6.31271	 3.14161	 1.58977	0.107939	  922159	0.818554	1.896
  168949	   3.686	 0.88421	-1.80088	 6.05725	 6.46283	 3.65061	 1.67419	0.126462	1.0545e+06	0.791722	2.164
  168952	 3.51401	0.894172	-1.79708	  5.7386	 6.50054	 3.92204	   1.778	0.132479	1.17662e+06	0.771733	2.406
  168953	   4.745	0.887869	-1.79925	 4.43016	 6.32767	 3.15241	 1.27221	0.0733067	  938962	0.759838	1.925
  168966	 4.91401	 1.17184	-2.06406	 5.07182	 4.72444	  1.9693	 1.21708	0.165931	  832632	 1.06916	0.9737
  168990	   2.108	 1.13951	-1.52276	  6.0171	  3.0768	 1.97206	0.932814	 0.11157	  639416	0.937838	0.7691
  168999	     4.5	 1.07663	-1.97733	 6.20476	 4.30391	 1.34935	 1.10778	0.195239	  470153	0.950239	0.6484
  169002	   2.066	 1.08163	-1.97053	 5.11174	 4.32838	 1.34251	 1.10172	0.156242	  497658	0.986372	0.678
  169015	 3.19301	0.608092	 -1.2846	 2.19854	 6.06811	 0.98534	0.917093	0.0742911	  135989	 1.13139	0.5889
  169023	   2.906	0.619583	-1.28569	  2.4377	 6.01672	 1.01288	0.919387	0.169784	  170072	 1.12569	0.7185
  169026	 3.18501	0.891939	-1.79572	 5.61927	 6.29012	 3.13403	 1.67662	 0.11712	  962049	0.838166	1.982
  169029	 3.71001	0.901764	-1.79681	 5.81732	 6.33535	 3.61743	 1.86661	0.196621	1.10602e+06	0.794952	2.243
  169030	   3.561	0.895117	-1.79789	 5.85533	 6.43065	 3.63483	 1.77808	 0.13803	1.09442e+06	0.769399	2.228
  169031	   2.028	0.889947	-1.79055	 3.88402	 5.94956	 1.89549	 1.29051	0.134875	  585123	0.865004	1.198
  169032	 3.51401	0.893348	-1.79653	 5.77534	 6.40331	 3.51121	 1.68931	0.125734	1.03804e+06	0.768525	2.122
  169033	   3.912	0.893502	-1.80007	 5.92299	 6.40006	 3.48893	 1.63862	0.118365	1.01727e+06	0.812549	2.091
  169034	 3.68101	 0.89613	-1.79653	 5.77537	 6.35031	 3.69195	 1.90358	0.135013	1.07819e+06	0.791223	2.205
  171517	   1.957	 1.33745	-1.73808	 5.30184	 3.14302	  1.7749	0.994682	0.131838	  749100	0.882581	0.672
  171520	   3.582	 1.32293	-1.73428	 5.88115	 3.14374	 1.78998	 1.00625	0.153944	  734769	0.850433	0.6649
  171565	   2.559	 1.37959	 2.04312	 7.93013	 3.80752	 2.16625	 1.53652	0.352054	1.07541e+06	0.981469	0.8913
  171567	   4.331	 1.38236	 2.04639	 7.47582	 3.88597	 2.01478	 1.40356	0.258921	  980929	0.934465	0.829
  171568	   2.853	 1.37965	 2.04394	 7.71918	 3.83209	 2.26724	 1.57016	 0.24556	1.07846e+06	0.954379	0.9016
  171569	   3.435	 1.37509	 2.04122	 8.66358	 3.79852	   1.971	 1.30158	0.274545	  965140	0.983748	0.8074
  170316	   3.506	0.980068	 1.96754	 4.18721	 6.03344	 3.67932	 1.51448	0.0926254	1.31538e+06	0.835522	2.193
  170318	   2.049	0.980498	 1.96564	 3.80768	 5.81092	 2.87209	 1.33393	0.0943499	1.05634e+06	0.924566	1.757
  170322	   2.085	 0.98383	 1.96482	 3.82895	 5.91758	 2.95132	 1.39533	0.0980199	1.07617e+06	0.914432	1.799
  170325	   4.238	0.987196	 1.96781	 4.33589	 5.98884	 3.55036	 1.48645	0.092423	1.27508e+06	0.800652	2.141
  170327	   3.658	0.985513	 1.96999	 5.41461	 6.17783	 3.67499	 1.57271	0.105342	1.37176e+06	0.726194	2.282
  170329	   2.146	 0.99228	 1.96401	  3.9599	 5.85518	 3.18249	 1.52152	0.108224	1.13811e+06	0.895533	1.901
  170330	   2.774	0.982026	 1.96428	 4.39194	 6.01649	 3.62076	 1.50782	0.0975592	1.28164e+06	0.853279	2.128
  170331	   2.533	0.963648	 1.96428	 4.60719	 6.00363	 3.69955	 1.57817	 0.10198	1.31185e+06	0.849527	2.169
  170332	   3.767	0.983126	 1.96972	 4.41649	 5.97606	 3.40425	 1.47795	0.118911	1.22187e+06	0.798144	2.038
  170337	   3.448	0.978076	 1.96618	 4.30875	 5.69212	 2.28657	 1.15113	0.0952188	  804448	0.899092	1.354
  170338	   2.656	0.975946	 1.96401	 4.66367	 5.68292	 2.21577	 1.08444	0.0956526	  796299	0.912916	1.337
  170348	   1.576	0.587086	  2.0578	 4.44139	 11.3604	 2.53617	 1.16652	0.0655049	  584737	0.734661	2.736
  170888	 1.14338	0.997519	-2.07819	 3.99204	 5.41743	 2.33919	 1.16971	0.104518	  880369	0.895729	1.392
  171002	 3.40138	0.995355	-1.74515	 3.65644	 5.17875	 2.18126	 1.33272	0.132614	  715882	0.967429	1.175
  171103	   3.941	 1.52918	-1.95993	 3.09604	 3.43598	 1.57975	 1.05267	0.168264	  882249	 1.05363	0.5989
  171104	   3.738	 1.54594	-1.95857	  3.2849	 3.43157	 1.62002	   1.017	0.152566	  894689	 1.02464	0.5996
  171105	   3.959	 1.53138	-1.95775	 3.31577	 3.46167	 1.65965	 1.03737	0.136655	  914425	 1.05079	0.6243
  171107	   4.015	 1.62047	-1.95857	 3.60908	 3.23347	 1.47996	 0.89536	 0.12218	  863625	 1.00455	0.5281
  171108	   4.057	  1.5203	 -1.9583	 3.42687	 3.46505	  1.5453	0.911629	0.107502	  822324	 1.02882	0.5706
  171111	   2.878	 1.62301	-1.95368	 3.78798	  3.3944	 1.98007	 1.28395	0.198621	1.15502e+06	0.951573	0.7168
  171112	   4.319	 1.61959	-1.95911	 4.14904	 3.38953	 1.61154	 1.02956	0.173314	  912904	 1.00369	0.5744
  171114	   3.674	 1.61621	-1.95775	 3.18964	 3.26704	 1.50501	0.897857	0.127901	  873480	 1.00911	0.5349
  171130	   4.695	 1.61801	-1.95803	 3.76638	 3.74208	 1.52438	 1.12409	0.202723	  884422	 1.00022	0.5812
  171133	    3.22	 1.78589	-1.95993	 4.36013	 3.38096	 1.74893	 1.16104	0.182678	1.12019e+06	0.972739	0.6016
  171140	   2.984	 1.13917	-1.95341	 3.28919	 5.27348	 2.59159	 1.28508	0.0970902	1.03595e+06	   1.029	1.349
  171141	     2.4	 1.14358	-1.95041	 3.93746	 5.26457	 2.49347	 1.38615	0.107147	1.02255e+06	  1.0814	1.324
  171145	   1.719	 1.18125	-1.94688	 5.63692	 4.81174	 2.25088	 1.89805	0.425891	1.01598e+06	 1.07751	1.196
  171148	   1.791	 1.28975	-1.94878	 6.18373	 4.44146	 2.48407	 2.03241	0.350302	1.17104e+06	 1.00695	1.17
  171149	     1.8	 1.18901	-1.84302	 6.32203	 4.52467	 2.58389	 1.88067	0.322024	1.11244e+06	 1.05031	1.294
  171165	   4.747	 1.19652	-2.05726	 4.43517	 4.85338	 1.70571	 1.67865	0.643376	  845218	 1.03696	0.988
  171167	   5.417	 1.08132	-1.90746	 3.87582	 5.46775	 2.96717	 1.42331	0.105128	1.06746e+06	 0.86939	1.523
  171169	   4.822	 1.12319	-1.90311	 4.04092	 5.33197	 3.09158	 1.31199	0.0870254	1.10331e+06	0.945937	1.507
  171174	   1.768	 1.15823	-1.89441	 6.16796	 4.84967	 2.38302	 1.86212	0.335072	1.04264e+06	 1.12652	1.287
  171175	   1.756	 1.11648	-1.90066	 6.31192	 5.04663	 2.36508	 1.77295	0.275698	  959621	 1.14265	1.277
  171176	   2.248	 1.12574	-1.89957	 3.80761	 5.24876	 2.76737	 1.48332	0.0975529	1.01292e+06	0.915483	1.349
  171177	   5.467	 1.08214	-1.90691	 3.88426	  5.4334	 3.10008	 1.39169	0.107844	1.14107e+06	0.877681	1.613
  171178	   5.035	 1.12897	-1.90691	 3.58009	 5.37881	 3.13989	 1.28849	0.104132	1.18732e+06	0.841283	1.581
  171200	   2.851	 1.18199	-1.96537	 6.67163	  4.0253	 1.88769	 1.04579	0.215403	  800097	0.927889	0.9163
  171201	   5.361	0.802574	-1.82916	 4.94162	 4.84201	 1.38784	0.999027	0.147066	  348187	 1.26325	0.8349
  171204	   5.045	 1.24758	-1.94063	 7.64326	 3.62787	 1.94642	0.981487	  0.1357	  873967	 1.01716	0.8792
  171217	   2.766	 1.27565	-1.97162	 7.06643	 3.73515	 2.34082	 1.14788	0.155211	1.05171e+06	0.922691	1.02
  171229	   3.331	 1.27469	-1.97352	 8.48894	 3.66314	  2.0056	 1.26259	0.277933	  910534	0.927118	0.8867
  171231	   3.553	 1.27546	 -1.9776	 9.00124	  3.6805	 2.05358	 1.26436	0.300594	  933984	0.905803	0.9118
  171236	   1.691	 1.38947	-1.80904	 3.15105	 3.57524	 2.49686	 2.14199	0.366301	1.17213e+06	  1.0602	0.9849
  171237	   2.683	 1.37738	-1.80823	 7.58211	 3.79568	 2.08868	 1.48643	0.339937	  971847	 0.88825	0.8452
  171238	   3.177	 1.38461	 -1.8104	 7.22004	 3.84468	 2.67242	 1.39806	 0.18408	1.28646e+06	0.887144	1.118
  171239	   1.936	 1.38985	-1.80768	 6.66401	 3.87683	 3.15814	 1.68603	0.235521	1.52929e+06	0.941356	1.353
  171240	   2.138	 1.39239	-1.80741	 6.92125	  3.8653	 2.89089	  1.5517	0.209564	1.38443e+06	0.982603	1.229
  171241	    2.46	 1.39346	-1.80904	 7.32587	 3.88164	 2.71389	 1.46156	0.231093	1.27871e+06	0.943427	1.141
  171289	   2.446	 1.38995	-1.80551	 7.47978	 3.84287	 3.02772	 1.43316	0.169713	1.39327e+06	0.872462	1.193
  171290	   2.468	 1.37518	-1.80714	 7.47386	  3.8535	 3.15014	 1.56863	0.194933	1.50492e+06	0.884228	1.297
  171291	   2.223	  1.4028	-1.81067	 6.49114	 3.84277	 2.95074	 1.54513	0.204727	1.53098e+06	0.891867	1.316
  171294	   2.307	 1.38124	-1.80931	 7.25947	 4.03128	  3.1965	 1.41613	0.164798	1.56984e+06	0.944498	1.33
  171295	   2.035	 1.38779	 -1.8085	 5.11135	 3.95049	 2.98051	 2.28487	0.380877	1.43381e+06	 1.05749	1.224
  171297	   2.706	 1.38951	-1.81013	 6.42415	 3.91109	 3.26923	 1.47533	0.144889	1.53098e+06	0.931855	1.287
  171298	   2.105	 1.37992	-1.81067	 4.62652	 3.98227	 2.55552	 1.89185	0.284586	1.19899e+06	 1.13961	1.046
  171301	   2.203	 1.37391	-1.81013	 5.98548	 4.05008	  2.9034	 1.88736	0.263199	1.37098e+06	 1.05676	1.189
  171303	   2.398	 1.57722	-2.15568	 7.82353	 4.19775	 2.64441	 1.42477	 0.18407	1.74386e+06	0.944616	1.147
  171305	   2.484	 1.58533	-2.15568	 8.71655	 4.31945	 3.30708	 1.74725	0.188058	2.03661e+06	0.987131	1.347
  171306	   2.463	 1.57713	-2.15731	 8.87243	 4.27044	 3.04227	 1.45202	0.181775	1.81976e+06	 1.00119	1.199
  171307	   2.561	 1.60006	-2.15785	 8.45966	 4.31641	 3.14327	 1.61038	0.178643	1.96954e+06	0.963453	1.309
  171308	   3.077	 1.56709	-2.15758	 9.41434	  4.4028	 3.35268	 1.54324	0.165409	2.03924e+06	0.895864	1.358
  171311	   3.073	 1.59462	-2.15813	 8.19684	 4.35964	 3.20709	 1.69265	0.203626	2.04063e+06	0.938117	1.357
  171312	   3.771	 1.58254	 -2.1584	 9.10805	 4.35454	 2.62919	 1.41357	0.187176	1.68238e+06	0.879305	1.123
  171315	   3.739	 1.44002	-2.15758	 7.57225	 4.92718	 3.26192	 1.61946	0.155207	1.89384e+06	0.862132	1.528
  171318	   2.514	 1.58485	-2.15242	  7.5182	 4.33566	 2.87282	    1.57	0.201121	1.87165e+06	 1.01772	1.244
  171320	    3.42	 1.58064	-2.15976	 7.84773	 4.42837	 3.18899	  1.5991	0.176421	2.05397e+06	0.881188	1.363
  171322	   2.833	 1.58878	-2.15649	 8.01096	 4.37281	 3.12445	 1.51024	   0.181	1.98976e+06	0.918161	1.321
  170729	 1.12538	0.681106	 1.76772	 2.72085	 8.51043	 1.84144	0.838665	0.0770509	  428667	0.728529	1.573
  170731	 1.39738	0.725952	   1.765	 3.09157	 7.92983	 2.05621	  1.2156	0.110015	  499882	0.685313	1.622
  170749	   1.981	0.977784	 1.96292	 4.78709	 5.93806	  2.8982	 1.44857	0.146402	1.079e+06	0.882798	1.799
  170751	   4.207	0.961931	  1.9708	 5.94794	 6.30705	 3.85733	 1.64405	0.0936355	1.37748e+06	0.724771	2.296
  170753	   3.543	0.985376	 1.96754	  4.9545	 6.20279	 3.63708	 1.55677	0.100001	1.33236e+06	0.757815	2.228
  170755	   4.227	0.979141	 1.96645	 5.36431	 6.18334	  3.8472	 1.59788	0.0945585	1.33274e+06	0.702729	2.244
  170756	   3.388	0.976994	 1.96754	  6.1091	 6.28112	 4.01929	 1.74738	0.0948721	1.4046e+06	0.742067	2.363
  170757	   4.148	0.981374	  1.9689	 6.08759	 6.16087	 3.90976	  1.6153	0.108139	1.37951e+06	0.696644	2.304
  170764	   4.183	0.982988	 1.96727	 4.36786	  6.1148	 3.78973	 1.58955	0.0939543	1.31583e+06	0.810567	2.204
  170766	       4	0.945219	 1.96781	 5.90571	 6.06584	 3.77536	 1.52478	0.0749007	1.12603e+06	0.808857	1.907
  170768	   4.174	0.974143	 1.96673	 6.61879	 6.35678	 3.97515	 1.66251	0.104043	1.42422e+06	0.674521	2.388
  170771	   2.443	0.962412	 1.96183	 4.33192	 6.05246	 3.47947	 1.46287	0.0856259	1.17647e+06	0.898141	1.969
  170772	   3.517	0.991456	  1.9651	 5.40895	 6.10237	 3.76832	 1.56809	0.100357	1.35577e+06	0.735826	2.267
  170775	   4.507	0.964456	 1.96727	 5.59042	 6.20576	 3.31491	     Inf	0.0826552	1.17797e+06	0.766759	1.991
  170776	   3.588	0.986527	  1.9651	 5.56744	 6.14737	 3.89009	 1.59177	0.0899109	1.33992e+06	0.710484	2.249
  170779	   4.261	0.973507	 1.96727	 4.52281	 6.01919	 3.13072	     Inf	0.0821034	1.13241e+06	0.743807	 1.9
  170780	   3.536	 0.97337	 1.96645	 5.00438	  6.1217	 3.49894	     Inf	0.0952661	1.2781e+06	 0.73773	2.144
  170781	     3.6	0.984002	  1.9651	    5.28	 6.07096	 3.71356	     Inf	0.092148	1.29301e+06	0.753067	2.159
  170783	    3.36	0.978677	 1.96428	 4.70831	 6.04842	 3.63517	     Inf	0.0906238	1.28986e+06	0.769641	2.151
  170790	 2.70838	0.795927	 1.77043	 3.29745	 6.95342	  2.6106	 1.05877	0.0802026	  684564	0.780265	1.775
  170797	 1.00838	0.656889	 1.76337	 2.57151	  8.3381	  1.7827	0.845553	0.084923	  403775	 0.71915	1.536
  170798	 1.26138	0.714462	 1.76309	 2.79806	 7.96546	 1.86044	0.812898	0.0762267	  448290	0.678154	1.503
  170800	 3.02438	  0.8012	 1.76989	 3.06535	 6.83349	 2.31044	0.959999	0.0658282	  612073	0.781402	1.576
  170801	 3.05438	0.796528	 1.77288	 3.07514	 6.90751	 2.29746	 1.00359	0.0641561	  601884	0.785087	1.554
  170803	 4.50238	0.792715	 1.77016	 3.59908	 7.00371	 2.58619	 1.30491	0.0857253	  687483	0.767714	1.766
  170804	 2.72138	0.795944	 1.76935	 2.89195	 6.80808	 2.25213	0.964267	0.0585375	  592217	0.779001	1.522
  170805	 1.18938	0.694143	 1.76473	 2.49692	 8.38508	 1.90199	0.976581	0.0856074	  443900	0.780804	1.635
  170806	 1.30538	0.699038	 1.76173	 3.23805	 7.98798	 1.92719	  1.2656	0.0878618	  392580	0.885343	1.382
  170808	 1.14038	  0.6865	 1.76364	 2.97408	 8.45203	 1.91489	  1.2291	0.120119	  444687	0.767642	1.657
  170812	 2.31038	0.799293	 1.76554	 2.97982	   6.843	 2.33769	 1.24336	0.0708337	  602913	0.783992	1.549
  170813	 2.42738	0.846235	 1.76962	  3.1843	 6.42523	 2.21332	 1.20796	0.0768208	  626949	0.754178	1.43
  170816	 2.47938	 0.89455	 1.76554	 3.31241	 6.07013	  2.0266	 1.02912	0.0707206	  591666	0.680258	1.215
  170823	 3.95438	0.926858	 1.96319	 4.43694	 6.09964	 3.65805	 1.45919	0.0764734	1.1594e+06	 0.74936	2.107
  173202	   2.634	 1.49972	-2.14834	 7.87409	 3.40338	 2.42693	 1.05955	0.108029	1.33515e+06	0.964982	0.9445
  173204	   2.187	  1.5016	-2.14943	  7.9157	 3.47821	 3.08193	 1.60104	0.187736	1.75868e+06	 1.05859	1.233
  173205	   2.063	  1.4042	-2.15106	 6.93585	 3.68773	 2.44527	 1.46845	0.207639	1.42725e+06	 1.07306	1.141
  173206	   1.915	 1.40851	-2.14698	 7.22094	 3.70299	 2.26469	  1.4124	0.211259	1.28001e+06	0.953416	1.027
  173207	   1.356	 1.26061	-2.14807	 3.41467	 4.40321	 1.56111	 1.09642	0.119153	  670659	0.721932	0.6913
  173208	   1.355	 1.26353	-2.14861	 3.45649	 4.42976	  1.6485	 1.16558	0.115743	  700357	0.731606	0.7253
  173221	   4.087	 1.18596	 2.04503	 6.70995	 4.82846	 2.32392	 1.73652	0.194563	1.20615e+06	 1.11783	1.382
  173242	   1.443	0.891096	 1.77832	 3.85824	 4.85183	 2.78173	 1.41985	0.123204	  834775	 1.19098	1.647
  173252	   4.913	 1.12202	 1.57469	 5.61164	 3.23385	 1.88205	0.918665	0.137914	  573199	 0.89174	0.7273
  173267	    3.47	0.525245	-2.09478	 4.90217	 3.83976	 1.63774	 1.04275	0.113633	  612969	 0.98884	0.8088
  173378	   4.507	 1.18547	-1.80061	 7.29968	 4.18691	 1.82269	 1.25809	0.253046	  712530	0.896147	0.8314
  169876	   1.465	-1.08992	-2.03904	 3.16462	 5.41891	 1.64459	 1.24531	0.169875	  727656	0.936528	1.027
  169887	   1.831	   1.156	-1.63722	 3.94737	  4.0634	 2.63463	 1.30164	0.111632	  936368	 1.00142	1.14
  169890	   1.744	 1.16175	-1.63858	  3.8607	 4.02269	 2.48838	 1.35645	0.121931	  870691	 0.99511	1.061
  169893	   1.793	 1.15459	 -1.6432	 3.47375	 4.05921	 2.57687	 1.40505	 0.14256	  919743	 0.99362	1.119
  169902	    2.01	 1.15382	-1.64293	 1.87981	  3.9494	 1.90054	0.775932	0.125125	  683585	0.955453	0.8267
  169904	   1.657	 1.15974	-1.64211	 3.01974	 4.01534	 2.30979	 1.11101	0.0945842	  834547	0.963623	1.011
  169921	   2.992	  1.4558	-2.05617	 2.65836	 3.99639	 1.67246	 1.29278	0.190819	  930549	 1.04452	0.7153
  169959	   4.988	 1.70949	-2.12006	 2.90073	 3.38217	 1.55263	0.947974	0.140021	  887701	0.997984	0.4943
  169960	   5.416	 1.04597	-1.98549	 2.81965	 3.90563	0.960299	 1.24985	0.332008	  458815	 1.59144	0.4393
  172205	   4.566	-1.07869	-2.05481	 3.70416	   5.075	 2.00036	0.964942	0.0903921	  829429	0.928454	1.108
  172206	   2.667	-1.08335	-2.04639	 3.45239	 5.05478	 2.17238	 1.05543	0.099502	  904197	0.894701	1.195
  172264	   2.263	 1.60996	 -2.1516	 7.64313	 4.20925	 3.30976	 1.95158	0.195477	2.07348e+06	 1.00082	1.394
  172280	    2.52	 1.58404	-2.15486	 8.68033	  4.3046	 3.02822	 1.48904	0.178453	1.89748e+06	0.989731	1.261
  172444	   3.691	0.955456	 2.06161	 5.30819	 6.11047	 1.97944	0.837525	0.0588599	  695294	0.590931	1.244
  172446	   3.154	 1.00913	 2.06107	 5.67123	 5.98011	 2.62826	 1.32019	0.110136	1.01628e+06	0.735897	1.626
  172451	   3.216	0.858361	 2.05617	 5.89705	 7.10313	  2.1455	 0.96726	0.0658351	  709325	0.584317	1.576
  172453	   2.962	0.890754	 2.06188	 4.15422	 6.76347	 1.80046	0.719414	0.0521051	  511673	0.701983	1.074
  172454	   2.838	 1.00264	 2.06705	  5.0048	 5.75967	 2.24129	 1.32732	 0.13101	  878137	0.741358	1.395
  172457	   4.971	 1.01203	  2.0627	  5.1485	 6.11537	   2.459	 1.05673	0.0757484	  949398	0.680197	1.553
  172458	   3.548	0.930379	 2.06379	 4.52366	 6.78414	 2.21661	0.847408	0.0499813	  751871	0.528863	1.475
  172459	   4.073	  1.0142	 2.06052	 5.77462	 6.23079	 2.85809	 1.22466	0.0805863	1.11699e+06	0.605341	1.775
  172472	   2.118	0.982593	 1.96183	 4.80142	 5.96569	 3.10353	 1.66559	0.165624	1.15243e+06	 0.89969	1.938
  172473	   2.077	0.988004	 1.96183	 4.29573	 5.88989	 3.05777	  1.7544	0.149411	1.06522e+06	0.900681	1.802
  172474	   4.257	0.983899	 1.96727	  4.8521	 6.22264	  3.5453	 1.62839	0.127021	1.26307e+06	0.801691	2.153
  172475	   3.416	 0.97708	  1.9621	 4.11051	 6.05712	 3.59994	 1.52144	0.0923288	1.25304e+06	0.803091	2.113
  172476	   3.688	0.975156	 1.96673	 3.99948	 6.09059	 3.55038	 1.52204	0.0960865	1.25911e+06	0.825674	2.114
  172478	   3.961	0.977544	 1.96645	 4.06852	 6.07739	 3.55433	 1.48353	0.088985	1.22234e+06	 0.80645	2.056
  172483	   1.697	0.969351	  1.9621	 4.06572	  5.9115	 2.96908	 1.74923	0.150215	1.07157e+06	0.970044	1.822
  172487	   1.724	0.981614	 1.96265	 4.23609	 5.49651	 2.49027	 1.44209	0.149013	  868411	 1.06853	1.474
  172491	    3.35	 1.04997	 1.69322	 5.24724	 5.12141	   3.504	 1.47846	0.138272	1.17127e+06	0.796257	1.769
  172500	   4.413	 1.04357	 1.69322	 4.36933	 5.23076	 3.42129	 1.44316	0.0932137	1.122e+06	0.764763	1.73
  172501	   2.302	 1.03848	 1.68643	 4.24303	 4.91758	 1.82468	 1.33174	0.182307	  591589	0.808314	0.9148
  172502	   2.306	 1.03891	  1.6867	 4.30787	 4.92611	 1.82658	 1.34814	0.198828	  595609	0.813243	0.9338
  172525	   2.789	0.770077	 2.05916	 5.40129	 8.61664	 2.46934	 1.15863	0.0635518	  707082	0.564325	2.079
  172526	   2.999	0.799087	 2.06107	 5.38321	   8.183	 2.47797	 1.18018	0.0692716	  762113	0.532275	1.974
  172537	   3.434	 1.03799	 1.69078	 4.61123	 5.17856	 3.46598	 1.60816	0.126483	1.15831e+06	0.740028	1.772
  172541	 3.65438	 1.03958	 1.68833	 4.17062	 5.16442	 3.48738	 1.49497	 0.10144	1.15753e+06	0.807881	1.784
  172545	 4.45338	 1.03342	 1.69349	 4.49081	 5.23248	 3.48046	 1.46069	0.0970808	1.10183e+06	0.808108	1.707
  172563	 3.66038	 1.14137	-1.51216	 7.38979	 3.15145	 1.78863	0.859754	0.132229	  564552	0.878842	0.6844
  172569	    3.53	 1.14252	-1.51324	 8.05962	 3.12316	 1.82007	0.874595	 0.14627	  563051	 0.90154	0.6823
  172573	   3.826	 1.14418	-1.51243	 8.44459	 3.11458	 1.82254	0.860702	0.157157	  584134	0.907829	0.707
  171623	   3.016	 1.02763	-1.70736	  5.8552	 4.81909	  3.1686	 1.78027	0.201307	1.15548e+06	  1.1762	1.802
  171628	   2.296	 1.01487	-1.70654	 7.26359	 4.84656	 2.85576	 1.66946	 0.23556	  936879	0.988532	1.495
  171630	   2.229	 1.02438	-1.70138	 4.40258	 4.36932	 1.89991	  1.4851	0.277917	  708375	 1.20652	1.106
  171631	   2.922	  1.0143	-1.70328	 5.94977	  4.8097	  2.0421	 1.53222	0.249919	  640509	 1.12024	1.046
  171634	   2.765	 1.02019	-1.70355	 6.53802	 4.88037	 2.69468	 1.53636	0.200692	  849257	 1.11072	1.375
  171658	   1.734	0.592909	-2.15269	 4.98537	 12.9027	 2.42486	 1.10484	0.0610444	  570454	0.752306	2.905
  171918	   2.575	0.992847	-2.04965	 3.20361	 5.35554	 1.58474	0.785016	 0.11771	  640475	 1.17901	1.03
  171923	 2.92738	 1.00016	 -1.7427	 4.30739	 5.20557	 2.69074	 1.33738	0.136153	  898697	0.886067	1.481
  171930	   2.584	 0.97428	 -2.1535	 4.58058	 6.32143	 2.65437	 1.52496	0.130785	1.09104e+06	0.953795	1.777
  171934	   1.891	0.932938	-2.15242	 4.34101	 6.53205	 2.43831	 1.46212	0.126015	  935063	0.985827	1.67
  171936	   2.405	0.927236	-2.15378	 4.02177	 6.56699	 2.64666	  1.5354	0.123701	  969100	 1.00481	1.731
  171939	   2.407	0.706389	-1.54451	 4.28432	  6.0288	 2.61384	 1.39649	0.120623	  587954	  1.0573	1.837
  171953	   3.844	 1.17867	-2.05182	  4.1836	 4.68342	 1.32931	 1.05896	0.277448	  574002	 1.06329	0.6715
  171974	   2.414	0.897212	-1.77098	 3.83391	 5.95974	 2.06497	 1.02952	0.0669468	  634853	0.699121	1.282
  171977	   2.387	0.896079	 -1.7688	  3.2475	 5.90762	 1.88644	0.843807	0.0562587	  575343	0.691347	1.163
  171991	   4.658	0.894189	-1.77343	 3.74789	 5.97163	  2.3174	 1.46112	0.134448	  701871	0.866134	1.428
  172040	   1.684	0.991078	-2.04584	 2.95421	 4.90263	 1.13353	0.753964	0.136623	  561199	 1.30374	0.879
  172157	   2.275	 1.14616	-1.52602	 6.69326	 3.15732	 1.91276	0.927786	0.125661	  592436	0.912812	0.7077
  172158	   3.458	 1.13879	 -1.5301	 7.76509	  3.1381	 1.87416	0.908425	0.134015	  606011	0.897338	0.7312
  172161	   2.628	 1.15186	-1.52928	 5.99495	 3.17516	 1.84524	 1.01119	0.146303	  593227	0.904824	0.7104
  172164	   3.305	 1.14126	-1.52086	 8.68159	 3.15705	 1.91565	0.899079	0.128317	  576223	0.851406	0.7006
  172166	     2.9	 1.14952	-1.52194	 7.93875	 3.13678	 2.05301	 1.11342	0.216405	  646698	0.891072	0.7752
  172167	   2.875	 1.14977	-1.52167	 7.42434	 3.18546	 1.98907	 1.11225	0.229347	  631080	0.897164	0.7588
  172168	   3.577	 1.14173	 -1.5233	  9.1767	 3.12649	 1.87389	0.852098	0.125633	  578516	0.830885	0.701
  172171	   4.036	 1.14186	-1.53608	 7.60931	 3.14473	 1.93844	 1.08474	0.183317	  620715	0.863427	0.7503
  172175	   3.631	 1.14107	-1.52629	 9.17684	 3.11849	 1.82346	0.769664	 0.10035	  558309	0.807556	0.6698
  172176	   2.603	0.898157	-1.94661	 4.98432	 5.56972	 2.73062	 1.55717	  0.1293	  889802	0.882177	1.788
  172185	   1.313	0.998979	 -1.5388	 4.96754	 4.50136	 2.53134	 1.20495	0.151582	  733498	 1.02836	1.268
  174294	    4.42	0.868745	-1.78593	 5.62113	 4.37402	 2.03748	 1.13745	0.109314	  525920	0.991768	1.03
  174295	   1.441	0.897543	-1.78213	 4.26485	 4.79263	 3.13773	 1.74388	0.124265	  853412	0.979194	1.682
  174298	   1.723	 1.37597	 -2.1497	 6.46493	 3.23771	 1.34643	0.759734	0.0877025	  676685	 1.04405	0.5335
  174299	   1.945	 1.37145	-2.14779	  7.5204	 3.37945	 1.50662	0.743011	0.080279	  750291	 1.19752	0.601
  174302	   2.221	 1.37234	-2.14779	 7.50928	 3.37899	 1.69038	0.798726	0.0769233	  820276	 1.21147	0.6569
  174424	   4.708	 1.19253	-1.80523	 4.18991	 4.07924	 2.23147	 1.08136	0.0900793	  839398	 0.89156	0.9462
  174425	     2.2	 1.20062	 -1.8036	 3.70695	 4.12594	 2.08334	0.977193	0.0772369	  774294	0.808075	0.8757
  174436	   3.081	 1.51426	 -2.0491	 9.06731	 3.20798	  2.1687	 1.14772	  0.2151	1.19138e+06	0.912274	0.8143
  171480	   4.525	 1.45991	-1.94851	 6.89817	 3.70691	0.913566	0.708652	0.193434	  488141	  1.0652	0.372
  171488	   2.058	 1.48452	-1.94824	 6.99006	 3.74101	 1.36966	 1.04602	0.231717	  715467	0.944706	0.5289
  171505	   4.904	 1.28545	-1.68425	 7.91441	 3.12691	 1.74812	0.771196	0.109221	  672005	0.829169	0.6475
  171506	   3.039	 1.33478	-1.73917	  7.0773	 3.11898	 1.78775	0.932056	0.137852	  732240	0.878311	0.6528
  171507	   1.913	 1.33976	-1.73672	 5.64236	 3.12067	 1.73699	0.943729	0.255294	  704575	0.877929	0.633
  171508	   2.526	 1.33394	-1.73944	  5.4363	 3.12731	 1.89991	0.986139	0.125394	  765745	0.866742	0.6864
  171512	   2.032	 1.33702	-1.73428	 4.82258	 3.15182	  1.8594	 1.02076	0.121036	  775613	 0.86428	0.6964
  171513	   2.524	 1.34122	-1.73509	 5.10013	 3.14934	 1.88531	 1.04379	0.125544	  787283	0.859435	0.7078
  171514	   2.772	 1.33624	-1.73672	  5.2519	 3.12434	  1.9454	 1.06002	0.144769	  795180	0.852048	0.7136
  171516	   1.947	 1.33562	-1.73699	 4.69122	 3.15472	 1.75792	 1.05824	 0.13001	  761249	 0.86415	0.6844
  173741	   1.915	 1.13878	-2.00941	 3.94619	 5.13458	 2.20701	  1.5267	0.165151	  909091	 1.03205	1.158
  173743	   1.687	 1.22558	-2.00642	 4.62678	 4.83658	 2.91321	 1.92848	0.189252	1.31403e+06	 1.08535	1.43
  173746	    3.39	 1.14714	-2.01159	 2.12842	  4.9428	  1.7431	 1.00095	0.122756	  741260	 1.05242	0.9146
  173748	   4.738	 1.14764	-2.01023	 1.94594	 4.87246	 1.53562	 1.01567	0.132145	  636557	 1.21349	0.7892
  173769	    3.46	 1.14952	-2.01213	 3.27763	 5.13201	 2.21349	 1.45131	 0.14719	  929810	0.982447	1.162
  173773	   3.143	 1.14418	-2.00887	 2.83013	  5.0972	 2.23098	 1.39383	0.134063	  922897	0.976978	1.149
  173801	   1.802	 1.11703	-1.94878	 4.45849	 4.18038	 2.43998	 1.63112	0.185683	  870283	 1.04752	1.11
  173802	   1.777	 1.11735	-1.94498	 4.19736	 4.18533	  2.3605	 1.64423	0.178981	  840634	0.989365	1.072
  173803	   3.779	 1.11857	 -1.9496	 4.12381	 5.07407	 2.46307	  1.5463	 0.19883	  943981	 1.09904	1.321
  173807	   4.603	 1.21218	-1.94471	 4.77459	 4.53526	 2.38629	 1.44482	0.174379	  962836	 1.00172	1.11
  173809	   3.305	 1.33937	-1.94498	 3.27786	 3.42448	 1.64659	 1.18427	0.148804	  684148	 1.03338	0.6045
  173810	   2.997	 1.34696	-1.94579	 4.06251	 3.47409	 1.85193	 1.17522	0.138833	  772042	 1.00751	0.6837
  173811	   3.115	 1.34466	-1.94688	 3.04887	 3.40408	 1.63529	  1.2535	0.206176	  722109	 1.00676	0.6352
  173812	   3.977	 1.34789	-1.94905	 2.71832	 3.40376	 1.81465	 1.42687	0.197966	  785007	 1.01488	0.6889
  173815	   4.529	 1.33327	-1.95041	 3.56935	 4.00331	 1.74264	 1.15232	0.202892	  827932	0.988813	0.8028
  173820	   4.773	 1.27307	 -1.9477	 4.05182	 4.01047	 1.90023	 1.20738	0.134507	  787395	 1.15815	0.7983
  173821	   4.301	 1.32897	-1.93845	 3.51483	 4.17911	 1.86488	 1.40666	0.164908	  903590	 1.04109	0.888
  173827	   4.431	 1.60062	-1.94552	 2.80313	 3.43657	  1.7631	 1.13264	0.153525	  982716	 1.03788	0.6645
  173834	   2.641	-1.43727	-2.04448	 6.33895	  3.5157	 1.64634	 1.04853	 0.13726	  858254	0.831063	0.6764
  173837	   3.018	-1.44009	-2.04258	 5.25448	 3.54397	  1.9315	 1.11219	0.137687	1.02154e+06	0.836725	0.804
  173838	   2.913	-1.43696	-2.04231	 4.70124	 3.51808	 1.86061	 1.15713	 0.17023	  951546	0.851846	0.7459
  173839	   3.375	-1.43389	-2.03415	 3.77682	  3.5373	 1.90545	  1.2382	0.167987	1.01666e+06	0.872984	0.7949
  173840	   4.483	-1.43356	-1.93002	 7.07338	 3.34411	 1.73116	0.960361	0.137895	  881960	 0.87528	0.6973
  173841	   2.431	-1.43826	-1.93954	 3.42254	 3.34512	 1.95003	 1.24588	0.164409	  982332	0.869231	0.7687
  173842	    2.49	-1.43725	 -1.9409	 3.50434	 3.34775	 1.97548	 1.26522	0.164805	  988014	 0.87018	0.7747
  173843	     2.5	-1.43751	-1.94063	 4.23163	 3.36282	 2.02697	 1.33264	0.173592	  998253	0.849523	0.7822
  173844	    2.76	-1.43744	-1.94008	 3.29922	 3.33813	  1.9742	 1.31252	0.205544	1.0148e+06	0.870193	0.79
  173845	   2.728	-1.44121	-1.93981	 2.96724	 3.32986	 1.98373	 1.29578	0.152867	1.00891e+06	0.886786	0.7866
  173847	   2.774	-1.43825	-1.93057	 4.26361	 3.36663	 1.96076	 1.07619	0.164866	  971867	 0.85314	0.7626
  173848	   2.385	-1.43601	-1.92676	 3.65574	 3.41413	 1.89716	 1.12834	0.132964	  952543	0.867783	0.7525
  173852	   2.321	-1.42858	-1.92676	 5.50658	 3.44439	 1.88884	 1.16302	0.105928	  849271	0.862874	0.6778
  173855	   1.879	-1.43628	-1.93791	 3.45359	 3.37664	 1.57457	  1.1694	0.166579	  801713	0.916465	0.6326
  173856	   2.497	-1.43291	-1.94063	  3.6139	  3.4391	 1.94826	 1.18333	  0.1429	  966259	0.873702	0.764
  173857	   4.323	-1.42467	-1.94443	 5.36679	 3.43809	 1.94993	 1.01215	0.110741	  958594	0.916134	0.7651
  173858	     2.3	-1.43602	-1.93736	 3.29969	 3.43139	 1.97002	 1.20099	0.128287	  979631	0.857769	0.7755
  173859	   2.305	-1.43276	-1.93981	 2.82885	 3.41523	 1.88852	 1.12635	 0.11914	  941849	0.881496	0.7459
  173860	    2.67	-1.43281	  -1.939	 3.10812	 3.42113	 1.80144	 1.17339	0.129841	  915533	0.910767	0.7249
  173861	   2.158	-1.43532	-1.93818	 3.40473	 3.31877	 1.77373	 1.24029	0.167944	  897142	 0.86037	0.7006
  173862	   3.314	-1.43262	-1.94362	 6.02888	 3.33528	 1.94932	 1.22067	0.171595	  992416	0.863667	0.7837
  173869	   4.411	0.997564	 2.06215	 4.74504	 5.83685	 2.04791	0.936295	0.0784611	  806817	0.708947	1.311
  173871	   1.315	0.858758	 2.05753	 6.05628	 7.22134	 2.77533	 1.54856	0.114433	  883867	0.700551	1.972
  173872	   2.219	0.882066	 2.06134	 6.20276	 7.13546	 2.73533	 1.54638	0.133717	  942647	0.737181	1.975
  173874	   3.546	0.999394	 2.06379	 5.67068	 6.16776	 2.79188	  1.6897	0.160173	1.08176e+06	0.771359	1.747
  173879	   1.574	0.928136	 2.06297	 6.00135	  6.6266	 2.66035	 1.34028	0.105784	  956405	0.739125	1.828
  173881	   3.679	0.961465	 2.06161	 5.85516	 6.75691	 2.63189	 1.29848	0.109274	1.01048e+06	0.761602	1.817
  173883	   3.719	0.967809	 2.05998	 6.00502	 6.43196	 2.75953	 1.51823	0.147307	1.01348e+06	0.692301	1.77
  173884	   2.239	0.829961	 2.05862	 5.89927	 7.34298	  2.7717	 1.42591	0.110544	  888773	0.776956	2.07
  173887	   4.589	 1.00459	 2.06569	 5.60744	 6.17693	 2.71075	 1.40883	0.119408	1.04454e+06	0.786756	1.687
  173889	   3.952	 1.01213	 2.06107	 5.88429	  6.1657	 2.81402	 1.70026	0.151095	1.07694e+06	0.782492	1.736
  173892	   2.019	 1.01094	 2.06161	 5.64807	 6.14554	 2.80659	 1.64605	0.140334	1.07264e+06	 0.76972	1.733
  173893	   3.716	0.968835	 2.06542	 4.63791	  6.0891	 1.86812	 1.03816	0.0931476	  717270	0.676413	1.255
  173894	   3.282	0.967467	 2.06188	 4.18228	 5.99927	 1.57118	0.796293	0.0817552	  605762	0.737145	1.058
  173896	    3.43	0.904862	 2.05998	 6.49938	 6.98865	  2.8218	  1.6974	0.160014	  969150	0.726122	1.928
  173911	   1.001	0.971776	 2.06297	 5.34157	 6.49412	 2.66991	  1.3183	0.100357	  985043	0.737042	1.706
  173912	   1.702	 1.00044	 2.06324	 6.02546	   6.276	 2.77963	 1.43505	0.111756	1.06842e+06	0.741329	1.735
  173913	   4.732	0.997513	 2.06759	 5.32531	 6.17896	 2.69679	 1.56489	0.132735	1.03623e+06	0.773241	1.686
  173914	   3.405	0.904195	 2.06025	 5.45171	 7.05288	 2.56398	 1.48932	0.142658	  939788	0.657895	1.887
  173917	   4.476	 1.00382	 2.06732	 5.01739	 6.13887	 2.25351	 1.18046	0.0984005	  918544	0.745519	1.461
  173918	   3.503	0.919448	 2.06188	 5.27857	 6.82554	 2.07501	 1.11409	0.107356	  871961	0.670789	1.659
  173919	   3.112	0.834715	 2.06215	 4.75725	 7.36783	 1.45132	0.789614	0.0715358	  573542	0.692529	1.332
  173926	   3.225	0.839657	 2.05971	 4.47267	 7.10712	 2.33756	 1.08097	0.046725	  485526	0.724595	1.099
  173948	   3.619	0.570203	 2.02436	 4.78614	 11.4862	 2.96247	 1.22336	0.0460393	  604298	0.668745	2.955
  173949	   3.181	0.558779	 2.02192	 4.43803	 11.4181	 2.63799	 1.10575	0.0465948	  555955	0.753929	2.912
  173950	   3.893	0.764893	 2.02382	 5.22291	  8.4994	 2.77829	 1.11366	0.0583848	  814474	0.570854	2.298
  173952	   3.583	 0.93619	 2.06297	 5.91297	 6.80369	 2.78471	 1.52097	 0.14006	1.00956e+06	0.693273	1.894
  173953	   4.647	 1.00001	 2.06433	 5.03542	 6.09728	  2.3697	  1.3097	0.115555	  908065	0.763863	1.476
  173955	   2.938	0.807183	 2.05509	 5.11954	 8.02202	 2.43578	 1.22064	0.0667262	  734252	0.618765	1.917
  173956	   3.175	0.849866	 2.05835	 4.20231	 7.37226	 1.79763	0.759589	0.0467079	  583279	0.577888	1.336
  173958	   2.455	0.575367	 1.11604	 4.77783	 5.47018	 2.86466	 1.33321	0.0980207	  336396	0.871104	1.646
  173960	   1.707	0.595187	 1.49693	 5.59378	 7.55248	  3.2287	 1.37565	0.0650544	  486114	0.809192	2.233
  173974	    2.67	 1.58268	 -2.1709	 8.48063	 4.34192	 2.56204	 1.50941	0.191848	1.62149e+06	 1.00395	1.091
  173978	   2.063	 1.56361	-2.17036	  6.3972	  4.7815	 3.76544	 2.46058	0.215227	2.51867e+06	 1.21528	1.793
  173981	   4.552	 1.57816	-2.15187	 6.96891	 4.59385	 2.29587	 1.31774	0.182955	1.53952e+06	0.883631	1.039
  173982	   4.635	 1.67466	-2.12577	  7.6881	 4.25911	 2.36154	 1.27789	0.207891	1.67832e+06	0.876216	1.009
  173984	   3.843	 1.67892	-2.17199	 7.90286	 4.37939	 2.57251	 1.33462	0.212202	1.85982e+06	0.874315	1.117
  173989	   1.907	 1.77412	  -2.169	 4.69445	 3.98347	 2.29231	  1.9628	0.434814	2.07448e+06	 1.02603	1.101
  173990	   3.669	 1.43961	-2.16982	 7.20841	 5.24842	 3.00661	  1.5228	0.169358	1.80966e+06	0.879339	1.487
  173991	   3.382	  1.4232	-2.17525	 6.73108	 5.22262	 2.92413	 1.53772	0.175489	1.70622e+06	0.906412	1.408
  173992	   3.329	 1.57758	-2.17036	 5.80591	 4.48532	 2.02586	 1.48135	0.314567	1.65658e+06	0.985968	1.109
  174044	    1.92	0.996846	 2.04176	 4.02053	 5.35678	  2.2476	 1.53664	0.201963	1.00209e+06	 1.17485	1.593
  173590	   3.491	 1.15133	-1.50726	 10.5448	 3.07991	 1.94814	 0.71745	0.0923322	  625018	0.800842	0.753
  173609	   3.869	 1.15325	-1.51841	 7.61646	 3.09892	 2.00751	0.852351	0.135836	  624389	0.891177	0.7477
  173611	   3.671	 1.15133	-1.52222	 7.91536	 3.09494	 2.02305	0.907144	0.133168	  631629	0.883173	0.7579
  173625	   3.856	 1.15807	-1.51895	 7.77448	 3.08395	 1.99907	0.864879	0.144179	  619389	0.885781	0.739
  173628	   4.072	 1.15612	-1.52167	 7.92023	  3.0722	  1.9828	0.892647	0.139487	  634201	0.882986	0.757
  173634	   3.346	 1.16279	-1.52194	 7.76925	 3.06808	 2.00612	0.838937	0.154371	  633934	0.887353	0.7489
  173635	   3.514	 1.15562	-1.52765	 7.95569	 3.08613	   1.973	0.877277	0.123777	  626653	0.890971	0.7476
  173637	   4.113	 1.14926	-1.51895	 7.91381	 3.09307	 1.97815	0.998237	0.128302	  626103	0.882129	0.7548
  173641	   2.308	 1.20002	 -1.7215	 7.20955	 3.30355	 2.34805	  1.0175	0.121726	  968611	 1.06673	1.059
  174222	   1.826	 1.00546	-1.53907	 5.37336	  3.8728	 2.98751	 1.25251	0.117286	  854607	0.860367	1.34
  174223	   1.622	 1.01574	-1.53771	 5.38309	 3.88547	 3.10434	 1.31126	0.124014	  857810	 0.85547	1.356
  174446	   3.232	 1.52849	-2.04829	 7.73388	 3.32362	 1.86262	 1.00094	0.152188	1.01711e+06	0.889618	0.7054
  174449	   4.434	 1.51722	 -2.0472	 6.96242	 3.33825	 2.10195	 1.00994	0.120806	1.07877e+06	0.826852	0.7525
  174450	   3.175	 1.51841	 -2.0472	 7.06393	 3.32656	   2.314	 1.17876	0.148149	1.27546e+06	0.838479	0.8813
  174455	   3.177	 1.53037	-2.04992	 7.41882	 3.34904	 2.37331	 1.16879	0.184855	1.37474e+06	0.854746	0.9456
  174457	   2.427	 1.52751	-2.04747	 7.10118	 3.31167	 1.91887	 1.04085	0.153619	1.04123e+06	0.929512	0.7174
  174459	   3.268	 1.53057	-2.05291	  7.0993	 3.36003	 2.40299	  1.1801	 0.17468	1.34676e+06	 0.85146	0.9289
  174480	   6.457	 1.29364	-1.72422	 6.66235	 3.20485	  2.0442	0.976221	0.118669	  804247	0.838081	0.7709
  174485	   6.405	 1.28371	-1.73482	 8.53034	  3.1993	 2.06113	 1.07389	0.244564	  823617	0.889261	0.7926
  174489	   6.785	0.752906	-1.72585	 5.18577	 4.23471	  1.9892	 1.02464	0.073293	  419325	 1.53474	1.146
  173018	   1.339	 1.00779	 -1.9428	 4.53116	 4.86604	 1.56203	0.848875	0.0999343	  558861	0.766564	0.8621
  173020	   1.161	 1.00634	-1.93818	 4.24315	 4.93811	 1.30617	0.959087	0.132735	  474649	0.784284	0.7454
